{
    "cam0": {
        "SN": "000116614412",
        "camera_angle_x": 1.5931641530464529,
        "intrinsic": [
            [
                625.8423389654866,
                0,
                644.4809943246738
            ],
            [
                0,
                624.9033528957034,
                360.8399595884392
            ],
            [
                0,
                0,
                1
            ]
        ],
        "extrinsic": [
            [
                0.7977857586250297,
                -0.6029229494675911,
                0.004669083463210877,
                -135.1146701177702
            ],
            [
                0.4918553824387794,
                0.6552614382921749,
                0.573333001189773,
                -304.41323732653024
            ],
            [
                -0.34873509445005363,
                -0.455100389466512,
                0.8193091415371497,
                954.4740242738031
            ],
            [
                0.0,
                0.0,
                0.0,
                1.0
            ]
        ]
    },
    "cam1": {
        "SN": "000307414412",
        "camera_angle_x": 1.6281103010890863,
        "intrinsic": [
            [
                604.3314452863103,
                0,
                642.8868579380769
            ],
            [
                0,
                608.220374965705,
                381.8816666766247
            ],
            [
                0,
                0,
                1
            ]
        ],
        "extrinsic": [
            [
                -0.8181559861605047,
                -0.5749889791329148,
                0.0029079521008027742,
                157.46824363062638
            ],
            [
                0.48536928814131536,
                -0.6879063462500126,
                0.5396309043393925,
                -227.58059814475502
            ],
            [
                -0.30828142408994563,
                0.4429136853435963,
                0.8418966865930935,
                876.1355892252164
            ],
            [
                0.0,
                0.0,
                0.0,
                1.0
            ]
        ]
    },
    "cam2": {
        "SN": "000281314412",
        "camera_angle_x": 1.5764834265667576,
        "intrinsic": [
            [
                636.3705668379964,
                0,
                641.4053469547952
            ],
            [
                0,
                638.2249221358977,
                358.4978602423156
            ],
            [
                0,
                0,
                1
            ]
        ],
        "extrinsic": [
            [
                -0.04335699802331977,
                0.9902937989079765,
                0.13205439245558734,
                -155.1512084129063
            ],
            [
                -0.8063357336293318,
                -0.11272737679325268,
                0.5806162443419576,
                -57.84012273517024
            ],
            [
                0.5898668115726241,
                -0.08130639806141002,
                0.8033967975038402,
                847.0599235863266
            ],
            [
                0.0,
                0.0,
                0.0,
                1.0
            ]
        ]
    }
}